Session Name	
Well	Sample Name	Detector	Task	Ct	Avg Ct	Ct SD	Delta Ct	Qty	Avg Qty	Qty SD	Amp Status	Cq Conf
8		G	Target	25.809969	25.315914	0.4289265					1	0.9828191365682908
Rn values	0.48432636	0.48528352	0.48436874	0.48197952	0.4757863	0.4735751	0.46940663	0.4650441	0.46356565	0.46334493	0.46411225	0.46775627	0.4700246	0.47049227	0.4717138	0.47135872	0.47196034	0.47556582	0.47700068	0.48410884	0.4972914	0.51067185	0.54268146	0.6063707	0.7246023	0.9355004	1.2847649	1.7812349	2.3715398	2.9152243	3.2790346	3.4339638	3.4446435	3.415547	3.3822675	3.3541968	3.3408659	3.3306062	3.3162143	3.3098097
Delta Rn values	0.010407018	0.011596962	0.010914963	0.0087585235	0.002798086	8.1965624E-4	-0.0031160114	-0.0072457516	-0.008491431	-0.008479364	-0.007479261	-0.0036024584	-0.0011013608	-4.0088966E-4	0.0010534312	9.311197E-4	0.0017655224	0.0056037907	0.0072714365	0.014612372	0.028027706	0.041640956	0.07388334	0.13780536	0.25626972	0.4674006	0.8168979	1.3136007	1.9041384	2.4480557	2.8120987	2.9672606	2.9781733	2.9493093	2.9162629	2.8884249	2.8753266	2.8653	2.8511407	2.8449688
9		B	Target	28.848297	26.949108	1.0406435					1	0.98665149240638
Rn values	0.35326332	0.35210004	0.3499502	0.34865528	0.3488892	0.3493853	0.3533716	0.3547292	0.35698923	0.35738257	0.3574708	0.36010635	0.36062515	0.3608963	0.36089477	0.3604263	0.3628086	0.3646479	0.36565346	0.36778733	0.36905104	0.37399897	0.377235	0.38643625	0.40705386	0.43716252	0.500522	0.61391884	0.8154958	1.138278	1.5994475	2.1479397	2.657042	3.0467014	3.2944808	3.438818	3.5174851	3.5503373	3.557958	3.5514052
Delta Rn values	0.00809134	0.00568861	0.0022993037	-2.350635E-4	-0.0012406013	-0.001983968	7.628748E-4	8.8103354E-4	0.0019016067	0.0010554815	-9.5730065E-5	0.0013003523	5.796949E-4	-3.8861978E-4	-0.0016295959	-0.0033375148	-0.0021946926	-0.0015948389	-0.001828735	-9.343151E-4	-9.1006345E-4	0.0027984108	0.0047949804	0.012756783	0.03213493	0.061004136	0.123124175	0.23528154	0.43561903	0.7571618	1.2170918	1.7643446	2.2722075	2.6606274	2.9071672	3.050265	3.1276927	3.1593056	3.1656866	3.1578944
20		G	Target	25.150019	25.315914	0.4289265					1	0.9829680365224185
Rn values	0.4644851	0.46387982	0.46368992	0.46545634	0.4670592	0.46406397	0.45934853	0.45916897	0.4596044	0.46078816	0.46178463	0.4626127	0.46102992	0.4613931	0.4649514	0.4664209	0.4673564	0.46997035	0.47335133	0.48302883	0.4963605	0.52349573	0.5736925	0.6687753	0.843631	1.1430556	1.5968422	2.1781893	2.7662954	3.2134478	3.443299	3.4924383	3.4626753	3.433982	3.4151561	3.388805	3.371308	3.3566709	3.3443274	3.3451648
Delta Rn values	0.0032110645	0.0023800284	0.001964377	0.0035050393	0.0048821466	0.0016611727	-0.003280021	-0.003685331	-0.0034756404	-0.0025176432	-0.0017469238	-0.0011446173	-0.00295314	-0.00281572	5.1683694E-4	0.0017605787	0.0024703525	0.0048585334	0.008013766	0.017465515	0.030571446	0.057480916	0.10745193	0.202309	0.37693897	0.67613775	1.1296986	1.71082	2.2987003	2.745627	2.9752524	3.024166	2.9941773	2.9652581	2.9462066	2.9196296	2.901907	2.887044	2.8744748	2.8750865
21		B	Target	27.528824	26.949108	1.0406435					1	0.988436829675932
Rn values	0.3470817	0.34597093	0.34547704	0.34854248	0.3486683	0.34318843	0.3417145	0.34166843	0.34107858	0.34113747	0.34147674	0.34310472	0.34443998	0.34505543	0.34703723	0.3473325	0.34796458	0.34818995	0.34826162	0.3513143	0.3550758	0.36121252	0.3716247	0.39143127	0.43192956	0.506477	0.6393936	0.8715274	1.2362658	1.7339652	2.296001	2.795921	3.1570756	3.3855793	3.5215209	3.59606	3.6245873	3.6161606	3.5931544	3.581089
Delta Rn values	0.005466849	0.003973091	0.003096211	0.005778652	0.005521482	-3.4138624E-4	-0.0021983155	-0.0026273858	-0.003600229	-0.0039243354	-0.003968062	-0.002723076	-0.0017708084	-0.0015383564	6.0442562E-5	-2.7271844E-5	2.218098E-4	6.417914E-5	-2.4714207E-4	0.0024225437	0.005801048	0.011554767	0.021583958	0.041007526	0.081122816	0.15528727	0.2878209	0.51957166	0.88392705	1.3812435	1.9428962	2.4424334	2.803205	3.0313256	3.1668842	3.2410402	3.2691846	3.260375	3.2369857	3.2245374
32		G	Target	24.709621	25.315914	0.4289265					1	0.9804379199158892
Rn values	0.4683342	0.46726066	0.46673933	0.47010195	0.4706773	0.4712609	0.47405082	0.47467798	0.47488475	0.47537044	0.47700712	0.4753788	0.47546288	0.4777711	0.48037556	0.47944543	0.48033494	0.4872751	0.4941828	0.5033735	0.5212618	0.5577624	0.6253784	0.7559211	0.9857886	1.3567322	1.8843935	2.488928	3.019605	3.3658547	3.4994998	3.4899476	3.458606	3.4356253	3.409374	3.3841705	3.3705049	3.3616385	3.350088	3.344544
Delta Rn values	9.376586E-4	-9.6988963E-4	-0.0023252305	2.033863E-4	-5.528881E-5	-3.0567887E-4	0.0016502268	0.0014433779	8.161375E-4	4.6781698E-4	0.001270492	-0.0011918264	-0.0019417631	-4.675523E-4	0.0013028935	-4.6124595E-4	-4.0574497E-4	0.0057004024	0.011774095	0.020130794	0.03718509	0.07285166	0.13963364	0.2693424	0.49837583	0.8684855	1.3953127	1.9990133	2.528856	2.8742719	3.007083	2.9966967	2.9645212	2.9407065	2.9136212	2.8875837	2.873084	2.8633838	2.850999	2.844621
33		B	Target	25.97378	26.949108	1.0406435					1	0.9860848239827991
Rn values	0.30366457	0.30367562	0.30386186	0.3028435	0.30026323	0.30112112	0.3080791	0.3087697	0.30825695	0.30763653	0.30719617	0.30810598	0.3076644	0.30755	0.3089608	0.31112766	0.3119041	0.3124197	0.31504428	0.31931487	0.32712027	0.3452679	0.37490287	0.43143675	0.53242105	0.7170236	1.0166047	1.4552835	2.0054588	2.558987	3.0031495	3.307272	3.502039	3.6247401	3.6949189	3.7277074	3.7389948	3.7467113	3.750449	3.740689
Delta Rn values	0.0027231595	0.0020589149	0.0015698484	-1.2379812E-4	-0.0033793843	-0.003196796	0.0030858808	0.003101189	0.0019131388	6.174128E-4	-4.982475E-4	-2.637434E-4	-0.0013806256	-0.002170308	-0.001434827	5.6739093E-5	1.578778E-4	-1.8134128E-6	0.0019474567	0.005542739	0.012672844	0.03014516	0.05910484	0.11496341	0.21527241	0.39919966	0.69810545	1.136109	1.685609	2.2384617	2.6819491	2.9853961	3.179488	3.3015137	3.3710172	3.4031305	3.4137425	3.4207838	3.423846	3.413411
44		G	Target	25.553236	25.315914	0.4289265					1	0.9801986975601938
Rn values	0.4372006	0.43687025	0.4387361	0.440216	0.4422602	0.4428441	0.44158453	0.44084665	0.44273913	0.44512692	0.44702664	0.4472532	0.44873384	0.4511159	0.45023775	0.45047793	0.45318916	0.45379493	0.45728102	0.46472564	0.47379044	0.49696466	0.53853655	0.6155352	0.7581254	1.0058709	1.4081112	1.9628891	2.570392	3.0826936	3.3930962	3.4992464	3.4800582	3.4489126	3.4231143	3.4030695	3.384299	3.368629	3.3615544	3.3548687
Delta Rn values	9.843654E-4	-3.918048E-4	4.2824767E-4	8.6233026E-4	0.0018607199	0.0013987956	-9.065811E-4	-0.0026902682	-0.0018436022	-5.016217E-4	3.5228624E-4	-4.6696785E-4	-3.2140197E-5	0.0013041183	-6.1984826E-4	-0.0014254827	2.3994244E-4	-2.001069E-4	0.0022401786	0.008638987	0.016657969	0.038786385	0.07931246	0.1552653	0.2968097	0.5435094	0.9447039	1.498436	2.104893	2.6161487	2.9255056	3.03061	3.010376	2.9781847	2.9513404	2.93025	2.9104335	2.8937178	2.8855972	2.8778658
45		B	Target	27.661213	26.949108	1.0406435					1	0.9808973489127685
Rn values	0.32461745	0.3250605	0.3288526	0.33183554	0.33387375	0.3362818	0.336843	0.33811903	0.33982027	0.34074375	0.34047928	0.3402548	0.34119755	0.34134406	0.3423419	0.34286794	0.34480467	0.34504238	0.34491548	0.34587014	0.3501157	0.3543351	0.36442575	0.38372317	0.4229399	0.491948	0.6166135	0.84074956	1.2036567	1.7189789	2.3298626	2.9107592	3.355344	3.6522756	3.8362386	3.9452112	3.9986973	4.0194902	4.0098224	3.998819
Delta Rn values	-0.0059938575	-0.0064311456	-0.0035193681	-0.0014167536	-2.588726E-4	0.0012688552	9.497331E-4	0.0013454197	0.0021663257	0.0022094806	0.0010646853	-4.0115494E-5	2.2291719E-5	-7.115297E-4	-5.94018E-4	-9.483069E-4	1.0809721E-4	-5.345291E-4	-0.001541757	-0.0014674289	0.0018977908	0.005236874	0.014447194	0.032864284	0.07120068	0.13932846	0.26311365	0.48636937	0.8483961	1.362838	1.9728414	2.5528576	2.9965622	3.2926133	3.475696	3.5837884	3.636394	3.6563067	3.6457586	3.633875
56		G	Target	25.687317	25.315914	0.4289265					1	0.9774551154883191
Rn values	0.45663074	0.45640036	0.45939115	0.46198836	0.46350852	0.46439567	0.46617898	0.46608785	0.46511123	0.46520558	0.46803764	0.47059625	0.4707945	0.4699822	0.46980143	0.47224948	0.4757503	0.47694	0.4809638	0.48488742	0.49652418	0.5165364	0.552156	0.6236141	0.75553405	0.98939306	1.3670855	1.9011326	2.5091467	3.0338073	3.3653371	3.4972727	3.4866552	3.4504712	3.4238074	3.400591	3.3847067	3.3691318	3.3519106	3.340603
Delta Rn values	-0.0014052078	-0.0026965907	-7.668196E-4	7.6938217E-4	0.001228528	0.0010546725	0.0017769728	6.248263E-4	-0.0014128068	-0.0023794638	-6.0841965E-4	8.891881E-4	2.6422096E-5	-0.001846881	-0.0030886729	-0.0017016318	7.3817634E-4	8.66874E-4	0.0038296534	0.006692267	0.01726802	0.03621924	0.07077778	0.14117487	0.27203384	0.50483185	0.8814632	1.4144493	2.0214024	2.545002	2.8754709	3.0063455	2.994667	2.9574218	2.929697	2.9054196	2.8884745	2.8718386	2.8535562	2.8411877
57		B	Target	26.31052	26.949108	1.0406435					1	0.9802284977899056
Rn values	0.31742433	0.3198238	0.32284957	0.32289112	0.32360178	0.3247748	0.32753935	0.3278731	0.32763913	0.32878038	0.3292566	0.33101594	0.3307578	0.3298106	0.3295876	0.33053046	0.33104348	0.33156008	0.33312556	0.33752328	0.34577265	0.35885918	0.3791576	0.4257139	0.5121632	0.665445	0.9224634	1.3138311	1.8323597	2.390109	2.8795972	3.2317712	3.4581945	3.5956347	3.6783864	3.722321	3.735745	3.7290154	3.7105734	3.6958435
Delta Rn values	-0.005113227	-0.0032990405	-8.5855817E-4	-0.0014023017	-0.0012769235	-6.89192E-4	0.0014900729	0.0012385411	4.1927514E-4	9.7523734E-4	8.6616067E-4	0.002040223	0.0011967873	-3.3570782E-4	-0.0011439767	-7.864086E-4	-8.586794E-4	-9.2737394E-4	5.2824325E-5	0.0038652564	0.01152934	0.024030581	0.043743715	0.08971472	0.17557876	0.32827526	0.5847084	0.97549075	1.4934341	2.0505981	2.539501	2.8910897	3.1169276	3.2537827	3.3359492	3.3792984	3.392137	3.3848221	3.365795	3.3504796
68		G	Target	25.18673	25.315914	0.4289265					1	0.9724946509575932
Rn values	0.46755913	0.46867165	0.47103238	0.4724669	0.47527623	0.47567424	0.47674316	0.47674164	0.47686392	0.4755141	0.47601742	0.48081982	0.48275372	0.48397246	0.48395833	0.4836579	0.48603857	0.48964426	0.49265593	0.49973005	0.5153007	0.54290235	0.5956954	0.68870986	0.8630679	1.1613584	1.6207888	2.1998742	2.7790287	3.2184575	3.4395657	3.4808426	3.455111	3.433067	3.4110966	3.3872511	3.3690536	3.3542633	3.341861	3.3336396
Delta Rn values	-0.0010250281	-0.0010530975	1.6704376E-4	4.6095866E-4	0.0021297142	0.0013871342	0.001315464	1.7335397E-4	-8.449572E-4	-0.0033353542	-0.0039726426	-3.108268E-4	4.8248557E-4	5.606316E-4	-5.9408473E-4	-0.0020351121	-7.9503306E-4	0.0016700705	0.003541154	0.009474682	0.023904731	0.050365802	0.10201824	0.19389212	0.3671096	0.66425943	1.1225493	1.700494	2.278508	2.7167962	2.9367638	2.9769	2.950028	2.9268434	2.9037323	2.8787463	2.8594081	2.8434772	2.8299344	2.8205724
69		B	Target	27.214407	26.949108	1.0406435					1	0.9767386366626096
Rn values	0.3237414	0.3265234	0.32881653	0.3301783	0.33173123	0.33295965	0.33385596	0.33425722	0.33592847	0.33777082	0.33739725	0.33635548	0.3366038	0.3401819	0.3404977	0.34274217	0.3426682	0.34244093	0.3431053	0.34370843	0.34895685	0.35760874	0.37136036	0.3976794	0.44709674	0.53470325	0.6963151	0.96831846	1.3834101	1.9186825	2.4810462	2.9549053	3.2911077	3.500758	3.626365	3.6921725	3.7216773	3.7223027	3.7080436	3.6932268
Delta Rn values	-0.0045160246	-0.0025941727	-0.0011611682	-6.595458E-4	3.325848E-5	4.015453E-4	4.37715E-4	-2.1161668E-5	7.899578E-4	0.0017721725	5.384652E-4	-0.0013634398	-0.001975262	7.426994E-4	1.9837952E-4	0.0015827169	6.486124E-4	-4.3879525E-4	-6.34577E-4	-8.9157274E-4	0.0034967195	0.011288467	0.024179958	0.04963885	0.09819606	0.18494244	0.34569415	0.6168374	1.0310689	1.5654811	2.1269846	2.5999837	2.9353259	3.144116	3.268863	3.3338103	3.362455	3.3622203	3.347101	3.331424
80		G	Target	24.758364	25.315914	0.4289265					1	0.9764011720559294
Rn values	0.4941702	0.49091068	0.49246776	0.4959666	0.499294	0.5009597	0.5036134	0.5041112	0.5045506	0.5056267	0.50785273	0.5080188	0.50850874	0.51048076	0.510926	0.5124465	0.51432467	0.5163274	0.5214567	0.5314808	0.54828835	0.5849382	0.65675765	0.7848295	1.0086008	1.3748288	1.8933011	2.4861062	3.0093763	3.3432763	3.4718816	3.463908	3.4329758	3.4028063	3.3794284	3.3588693	3.3427908	3.336579	3.327182	3.319311
Delta Rn values	9.6668536E-4	-0.0036363737	-0.0034228407	-0.0012675377	7.1631273E-4	0.0010384452	0.0023486142	0.0015028233	5.986796E-4	3.3123273E-4	0.0012137382	3.624769E-5	-8.173513E-4	-1.8888072E-4	-0.0010871831	-9.102178E-4	-3.7562457E-4	2.8354235E-4	0.0040693306	0.012749853	0.028213859	0.06352019	0.13399607	0.26072437	0.48315215	0.8480366	1.3651654	1.9566268	2.4785533	2.8111098	2.9383717	2.9290545	2.8967786	2.8652656	2.8405442	2.8186417	2.8012195	2.7936642	2.7829237	2.773709
81		B	Target	26.071672	26.949108	1.0406435					1	0.9805394850994577
Rn values	0.34084886	0.34143397	0.343872	0.3449723	0.34665057	0.34766927	0.3471434	0.34676602	0.34845978	0.34889203	0.3471251	0.3473777	0.3512875	0.35116374	0.35049894	0.35060328	0.35306203	0.35797364	0.36145598	0.36406174	0.36920327	0.38247913	0.41296753	0.4670148	0.56323755	0.7410921	1.0273212	1.4602895	1.9993525	2.556078	3.0060155	3.31621	3.512168	3.6287715	3.6931791	3.730625	3.7377536	3.72404	3.7058043	3.6917715
Delta Rn values	-1.6918378E-4	-4.8730362E-4	0.0010475061	0.0012445791	0.0020196084	0.0021350826	7.0599176E-4	-5.746239E-4	2.1590269E-4	-2.5507325E-4	-0.0029252223	-0.0035758764	-5.6927884E-4	-0.0015962768	-0.003164306	-0.0039631967	-0.0024076744	0.0016006982	0.004179811	0.0058823484	0.010120646	0.022493279	0.052078452	0.10522248	0.200542	0.37749332	0.6628192	1.0948843	1.633044	2.1888664	2.6379006	2.947192	3.1422465	3.257947	3.3214512	3.3579938	3.3642194	3.3496025	3.3304636	3.3155274
92		G	Target	25.672047	25.315914	0.4289265					1	0.9815891061194912
Rn values	0.49139804	0.49167144	0.49130684	0.4903827	0.49400917	0.4938985	0.49398297	0.4980667	0.50094074	0.50091857	0.49903178	0.49615282	0.49609518	0.49943602	0.5003424	0.500621	0.5030696	0.50470173	0.509076	0.5161507	0.52797157	0.54696447	0.5833113	0.6557438	0.78712505	1.0174624	1.3883936	1.9035981	2.474584	2.9628131	3.2636974	3.3644726	3.346224	3.3128326	3.2835853	3.259925	3.2452674	3.2370093	3.2261147	3.2111032
Delta Rn values	0.0015100916	9.3680574E-4	-2.7448815E-4	-0.0020453206	7.344528E-4	-2.2289551E-4	-9.85128E-4	0.0022519026	0.004279257	0.0034103915	6.769142E-4	-0.0030487422	-0.0039530722	-0.001458924	-0.0013992086	-0.0019673088	-3.6544222E-4	4.2001947E-4	0.003947593	0.010175615	0.021149775	0.039295983	0.07479614	0.14638191	0.2769165	0.50640714	0.87649167	1.3908495	1.9609888	2.4483712	2.7484086	2.8483372	2.829242	2.795004	2.7649097	2.7404027	2.7248986	2.7157936	2.7040524	2.6881943
93		B	Target	25.984146	26.949108	1.0406435					1	0.980672768014445
Rn values	0.3285147	0.3299315	0.33157012	0.3323687	0.33626515	0.33686918	0.33863184	0.33941036	0.3386902	0.33923382	0.34307662	0.34341675	0.34300974	0.34171554	0.3413198	0.34336028	0.34410617	0.3485415	0.35190085	0.35600796	0.36511707	0.38176194	0.41047838	0.47039983	0.5738402	0.7589468	1.0603276	1.4963002	2.019147	2.5294232	2.9385178	3.21478	3.3909848	3.5025873	3.5707612	3.6093073	3.6217315	3.61871	3.613919	3.6040244
Delta Rn values	-0.0019591993	-0.0016057008	-0.0010303837	-0.0012951047	0.0015380363	0.0010787657	0.0017781201	0.0014933421	-2.9013504E-4	-8.098149E-4	0.001969682	0.0012465118	-2.238025E-4	-0.002581302	-0.004040351	-0.0030631796	-0.003380591	-8.564533E-6	0.0022874791	0.0053312927	0.013377098	0.02895866	0.0566118	0.11546994	0.217847	0.40189028	0.70220786	1.1371171	1.6589005	2.1681135	2.5761447	2.8513439	3.0264852	3.1370244	3.204135	3.2416177	3.2529786	3.248894	3.2430396	3.2320817
